0 1.000000e+02
1 1.118034e+01
2 3.030302e+00
3 1.260681e+00
4 6.555001e-01
5 3.896727e-01
6 2.531624e-01
7 3.961199e-01
8 1.950610e-01
9 1.469865e-01
10 2.498331e-01
11 9.550459e-02
12 7.396988e-02
13 6.717833e-02
14 1.200121e-01
15 5.156936e-01
16 4.821618e-02
17 1.959133e-01
18 4.018680e-02
19 1.548383e-01
20 3.304088e-02
21 1.229780e-01
22 5.520962e-01
23 2.760479e-02
24 9.924947e-02
25 2.351085e-02
26 2.107502e-02
27 9.179858e-02
28 9.605083e-02
29 2.211596e-01
30 6.353866e-02
31 1.784285e-02
32 4.527208e-02
33 5.232098e-02
34 1.644059e-02
35 1.809682e-02
36 1.998755e-02
37 2.556041e-01
38 2.327121e-02
39 1.382450e-02
40 5.444937e-02
41 8.423165e-02
42 3.697362e-02
43 1.367967e-01
44 1.074889e-02
45 9.752507e-03
46 1.308883e-01
47 3.584284e-02
48 3.007436e-02
49 5.787618e-02
50 3.714063e-02
51 9.477552e-03
52 1.964606e-02
53 7.889859e-03
54 3.312046e-02
55 7.867530e-02
56 1.991661e-02
57 1.382761e-02
58 1.236169e-02
59 1.104709e-02
60 4.558320e-02
61 8.072672e-03
62 9.388916e-03
63 3.608295e-02
64 4.735871e-02
65 8.343161e-02
66 8.066392e-03
67 8.360134e-03
68 6.877803e-02
69 7.284425e-03
70 8.205326e-03
71 3.738810e-02
72 1.449874e-02
73 5.505106e-03
74 4.880143e-02
75 8.929234e-03
76 2.029001e-02
77 5.247216e-03
78 2.947914e-02
79 9.451865e-03
80 4.059759e-02
81 1.548009e-02
82 9.598383e-03
83 4.861532e-02
84 1.256740e-02
85 1.176371e-02
86 4.197263e-02
87 5.156739e-03
88 7.118543e-03
89 4.218181e-03
90 9.852621e-03
91 5.497551e-02
92 7.231876e-03
93 1.478365e-02
94 6.945518e-03
95 1.017291e-02
96 1.009518e-02
97 7.106668e-03
98 8.229848e-03
99 4.129716e-03
100 1.036772e-01
101 2.229911e-02
102 6.066295e-03
103 3.482718e-02
104 1.120904e-02
105 3.153754e-03
106 1.769845e-02
107 5.882481e-02
108 4.951065e-03
109 1.003429e-02
110 1.657983e-02
111 3.411730e-03
112 9.758187e-03
113 5.061444e-03
114 4.309616e-02
115 3.876725e-03
116 1.163445e-02
117 5.768620e-03
118 1.104482e-02
119 1.663158e-02
120 3.505667e-02
121 2.313295e-02
122 4.871327e-02
123 3.481775e-03
124 4.256370e-03
125 5.573683e-03
126 6.491257e-03
127 1.214785e-02
128 3.785903e-02
129 1.271251e-02
130 2.408167e-03
131 1.638739e-02
132 3.561011e-03
133 2.578656e-03
134 2.003691e-02
135 3.097494e-02
136 1.058972e-02
137 1.734836e-02
138 3.283820e-02
139 6.051822e-03
140 6.326551e-03
141 2.553138e-03
142 7.642308e-03
143 6.851872e-02
144 4.327695e-03
145 1.379433e-02
146 2.111913e-03
147 2.595302e-02
148 4.586831e-03
149 5.018937e-03
150 1.650043e-02
151 5.748179e-03
152 6.478479e-03
153 7.780850e-03
154 2.044639e-03
155 2.624547e-02
156 1.336080e-02
157 8.854792e-02
158 2.355467e-02
159 1.430809e-02
160 3.052000e-03
161 2.085590e-03
162 4.823913e-03
163 2.891796e-02
164 1.215089e-02
165 7.050998e-03
166 9.340351e-03
167 2.495409e-03
168 4.603851e-03
169 7.087161e-03
170 2.715582e-03
171 3.755972e-03
172 2.108428e-02
173 2.786146e-03
174 5.050604e-03
175 2.470886e-03
176 6.899971e-03
177 4.660751e-03
178 6.175040e-03
179 2.998733e-03
180 4.141711e-03
181 2.521066e-03
182 1.978884e-03
183 5.964462e-02
184 4.947893e-02
185 6.779855e-03
186 5.094189e-03
187 5.492507e-03
188 7.848244e-03
189 3.902057e-03
190 1.972146e-03
191 4.842558e-03
192 2.314408e-03
193 8.796498e-03
194 8.327362e-03
195 1.347580e-02
196 1.596021e-02
197 7.122844e-03
198 1.277089e-02
199 1.556767e-03
200 2.100177e-03
201 6.489035e-03
202 8.310384e-03
203 4.522355e-03
204 1.121520e-02
205 2.539916e-02
206 4.226140e-03
207 1.498369e-03
208 3.691816e-03
209 4.341724e-03
210 6.458998e-03
211 3.811577e-02
212 4.777549e-02
213 2.380082e-03
214 1.318166e-03
215 2.663339e-03
216 3.507396e-03
217 4.928258e-03
218 1.371175e-02
219 6.150857e-03
220 2.126405e-03
221 3.884805e-03
222 3.213879e-03
223 2.682387e-03
224 2.952293e-03
225 3.951395e-03
226 2.263593e-03
227 5.995675e-03
228 1.153530e-02
229 1.284899e-03
230 3.751824e-03
231 4.092540e-03
232 1.985537e-02
233 2.050196e-03
234 7.946854e-03
235 7.337183e-03
236 3.491986e-03
237 1.265685e-02
238 4.312090e-03
239 6.253739e-03
240 5.110095e-02
241 1.060099e-03
242 3.415571e-03
243 3.420058e-03
244 2.286759e-03
245 3.507570e-02
246 3.599047e-02
247 1.791654e-03
248 9.871708e-03
249 3.491185e-03
250 1.585174e-03
251 2.284399e-03
252 2.723886e-03
253 7.169147e-03
254 9.876200e-03
255 2.868854e-02
256 1.006693e-02
257 1.823227e-03
258 4.550652e-03
259 3.389695e-03
260 4.160473e-02
261 9.813234e-04
262 2.271340e-02
263 2.450539e-03
264 4.586058e-03
265 1.498405e-03
266 7.518837e-03
267 3.404311e-03
268 1.056418e-03
269 1.543596e-02
270 2.926874e-03
271 1.010501e-02
272 2.095283e-03
273 2.962256e-02
274 2.984896e-03
275 2.701317e-03
276 5.087814e-03
277 1.171347e-03
278 3.760777e-03
279 3.150898e-03
280 1.269155e-02
281 1.970587e-03
282 2.453493e-03
283 2.567344e-03
284 2.009126e-03
285 2.429634e-03
286 3.213639e-03
287 1.683382e-03
288 1.357449e-03
289 9.737302e-03
290 8.374699e-03
291 2.003609e-03
292 1.746104e-03
293 3.107915e-03
294 2.595775e-03
295 2.472290e-03
296 1.440933e-03
297 1.016578e-03
298 4.343823e-03
299 1.390588e-03
300 5.983993e-03
301 3.824060e-03
302 3.279495e-03
303 3.200056e-03
304 1.984327e-03
305 2.772386e-03
306 1.626226e-03
307 8.055014e-03
308 9.959282e-03
309 2.262474e-03
310 1.199062e-03
311 1.960362e-03
312 1.163237e-03
313 4.126470e-03
314 3.043207e-03
315 1.376033e-03
316 8.892277e-03
317 1.786267e-03
318 2.440547e-03
319 1.229873e-03
320 1.396932e-02
321 1.991327e-03
322 7.379136e-03
323 2.259702e-03
324 5.757036e-03
325 1.999356e-03
326 2.852117e-03
327 3.493131e-03
328 4.341116e-03
329 1.401985e-03
330 8.827617e-04
331 1.159401e-03
332 2.388112e-03
333 2.513393e-03
334 1.173550e-02
335 1.726083e-03
336 1.235738e-03
337 8.918219e-04
338 1.175567e-02
339 4.837139e-03
340 6.187163e-03
341 2.858094e-02
342 2.167381e-03
343 1.485531e-02
344 8.159263e-04
345 1.093887e-03
346 1.658489e-03
347 1.900395e-02
348 1.267132e-03
349 4.116416e-03
350 2.219278e-03
351 3.065748e-03
352 7.274741e-03
353 2.671074e-03
354 5.531079e-03
355 1.181651e-03
356 2.761597e-03
357 1.008567e-03
358 2.156672e-03
359 1.059530e-03
360 7.600103e-03
361 4.204646e-03
362 1.387966e-03
363 2.939515e-03
364 1.273133e-03
365 6.340401e-03
366 2.015144e-03
367 1.994950e-03
368 5.043058e-03
369 1.808918e-02
370 5.931854e-04
371 5.458237e-03
372 3.034048e-03
373 2.451203e-03
374 3.128547e-03
375 4.646841e-03
376 9.757436e-04
377 6.447480e-03
378 1.389267e-03
379 3.740932e-03
380 2.898535e-03
381 2.250001e-03
382 1.271717e-02
383 9.568331e-04
384 8.290530e-04
385 1.855866e-03
386 5.688723e-03
387 1.272993e-03
388 1.087654e-02
389 5.595741e-03
390 1.025951e-03
391 8.596244e-04
392 1.226717e-03
393 7.285732e-04
394 1.258225e-02
395 5.976707e-02
396 9.336832e-04
397 1.612647e-03
398 6.423239e-04
399 3.941995e-03
400 1.456121e-03
401 1.843878e-02
402 1.249077e-03
403 3.795616e-03
404 5.393617e-03
405 6.735777e-03
406 1.260137e-03
407 1.784352e-03
408 1.425691e-03
409 5.363463e-03
410 1.869887e-03
411 1.560900e-03
412 2.704452e-03
413 8.332964e-04
414 7.191237e-04
415 4.476852e-03
416 2.458682e-03
417 1.516991e-03
418 2.215355e-03
419 2.173334e-03
420 1.276785e-02
421 9.595323e-03
422 2.107616e-03
423 1.737578e-03
424 2.791835e-03
425 8.610111e-04
426 2.000043e-03
427 4.773041e-04
428 5.079380e-03
429 1.337537e-03
430 3.389300e-03
431 2.023222e-03
432 8.969948e-04
433 9.212476e-04
434 1.426195e-03
435 7.989204e-04
436 2.336021e-02
437 2.011098e-03
438 1.023964e-03
439 1.355656e-03
440 1.483145e-03
441 9.766857e-04
442 7.201897e-03
443 2.194543e-03
444 4.168781e-03
445 3.249241e-03
446 1.789874e-03
447 8.196855e-04
448 1.261354e-03
449 6.549700e-04
450 2.161775e-03
451 1.471326e-03
452 4.803019e-03
453 8.077511e-04
454 1.472527e-03
455 9.074423e-03
456 7.863053e-03
457 8.070986e-04
458 5.250681e-03
459 1.920676e-03
460 7.085982e-04
461 2.344156e-03
462 4.533624e-04
463 3.885727e-03
464 2.272214e-02
465 2.221203e-03
466 1.382211e-03
467 7.302281e-04
468 3.365486e-03
469 1.708531e-03
470 1.244694e-03
471 4.840501e-03
472 1.218352e-03
473 2.645473e-03
474 8.522175e-04
475 8.294066e-04
476 5.767715e-04
477 1.781705e-03
478 1.651204e-03
479 1.222704e-03
480 2.197317e-03
481 1.150183e-02
482 1.008171e-03
483 2.765947e-03
484 2.979031e-03
485 8.244024e-03
486 6.671434e-04
487 1.209090e-03
488 1.042875e-03
489 1.157547e-03
490 5.767886e-04
491 3.277268e-03
492 6.410111e-04
493 3.421323e-03
494 2.133536e-03
495 3.039827e-03
496 4.246926e-04
497 3.078820e-03
498 5.543163e-03
499 4.915965e-03
500 6.201083e-04
501 1.476990e-03
502 1.141134e-03
503 2.129373e-03
504 6.808274e-04
505 7.385438e-03
506 2.935785e-03
507 2.562057e-03
508 1.751670e-02
509 7.720570e-04
510 1.119528e-03
511 1.141147e-03
512 1.075572e-02
513 3.956692e-04
514 1.442413e-03
515 9.030526e-04
516 3.094342e-03
517 9.870635e-04
518 4.176063e-03
519 1.418724e-02
520 6.260462e-03
521 6.181695e-04
522 7.483478e-04
523 8.857716e-04
524 3.193895e-03
525 1.471435e-03
526 1.258718e-02
527 4.604654e-04
528 1.618461e-03
529 5.043786e-04
530 1.195052e-03
531 5.965322e-03
532 1.392732e-03
533 4.157314e-03
534 1.673675e-02
535 1.310667e-03
536 7.065160e-04
537 4.101611e-04
538 1.498477e-03
539 1.007334e-02
540 6.125022e-04
541 7.381642e-04
542 3.875653e-03
543 8.279566e-04
544 7.434474e-04
545 3.550761e-03
546 2.244067e-03
547 1.763464e-03
548 8.231931e-04
549 8.431539e-04
550 1.207114e-03
551 3.242266e-04
552 8.760538e-04
553 7.048419e-03
554 1.405244e-03
555 1.582802e-03
556 1.745659e-03
557 6.021505e-04
558 1.276596e-03
559 2.859443e-03
560 6.411128e-03
561 9.195895e-04
562 2.979310e-03
563 1.259932e-03
564 2.659622e-03
565 6.816464e-04
566 4.990357e-04
567 5.025347e-04
568 1.168653e-03
569 9.373076e-04
570 1.444750e-03
571 1.269810e-03
572 1.119733e-03
573 5.544999e-04
574 1.540998e-02
575 4.614693e-04
576 2.497558e-03
577 1.592736e-03
578 8.410160e-04
579 8.939546e-04
580 8.917977e-04
581 7.407665e-04
582 1.273001e-03
583 1.107548e-03
584 4.682950e-04
585 6.689017e-04
586 6.249481e-04
587 1.870150e-03
588 1.563797e-02
589 8.519512e-04
590 3.361361e-03
591 4.418650e-04
592 7.402512e-04
593 8.754059e-04
594 3.381629e-03
595 3.613697e-03
596 4.710178e-03
597 4.165127e-04
598 5.535816e-04
599 1.379978e-03
600 5.777119e-04
601 1.174821e-02
602 4.461929e-04
603 1.673013e-02
604 1.274113e-03
605 5.742183e-04
606 3.085717e-04
607 1.421589e-03
608 6.748721e-03
609 1.326271e-03
610 5.866855e-04
611 7.686181e-04
612 5.666575e-03
613 2.502319e-03
614 8.053554e-04
615 8.862808e-04
616 2.654079e-03
617 5.191774e-04
618 8.135116e-04
619 1.410047e-03
620 9.770497e-04
621 1.016425e-03
622 1.287325e-03
623 2.298043e-03
624 3.629722e-04
625 1.550369e-03
626 4.635883e-04
627 6.684649e-04
628 7.554501e-04
629 7.384335e-04
630 6.185853e-04
631 1.581107e-03
632 1.352971e-03
633 6.733230e-04
634 2.506415e-03
635 1.135355e-03
636 3.483175e-03
637 3.249554e-04
638 2.323304e-03
639 8.046155e-04
640 9.717546e-04
641 9.055186e-04
642 2.390723e-04
643 1.682148e-02
644 1.959208e-03
645 8.507230e-04
646 6.444625e-04
647 6.468781e-04
648 3.994459e-04
649 4.995290e-04
650 7.412742e-04
651 1.160161e-03
652 8.069858e-04
653 3.525399e-04
654 3.588985e-03
655 1.148305e-03
656 1.255872e-03
657 3.565370e-03
658 9.581711e-04
659 1.141348e-03
660 4.549496e-04
661 6.985907e-04
662 5.759068e-04
663 6.187197e-03
664 2.262599e-03
665 7.312628e-04
666 1.654212e-03
667 2.095931e-04
668 6.888637e-04
669 8.940062e-04
670 1.858415e-02
671 7.091562e-04
672 7.451892e-04
673 2.097455e-03
674 1.980878e-03
675 1.329141e-03
676 4.959385e-04
677 7.996478e-03
678 3.882475e-04
679 9.329522e-04
680 5.091649e-04
681 1.795614e-03
682 1.383211e-03
683 2.620145e-04
684 7.347469e-03
685 3.767423e-04
686 3.538341e-04
687 2.979064e-03
688 1.805399e-03
689 6.674624e-03
690 7.864981e-04
691 3.942904e-04
692 4.768119e-04
693 8.489777e-04
694 3.727752e-04
695 7.989656e-04
696 6.514499e-04
697 5.344833e-03
698 5.425783e-04
699 4.126210e-04
700 3.858520e-04
701 3.651469e-04
702 9.183319e-04
703 3.075690e-03
704 3.324791e-03
705 1.826323e-03
706 5.056795e-04
707 2.576128e-04
708 9.906923e-04
709 4.594512e-04
710 5.550986e-04
711 3.490295e-03
712 4.789249e-04
713 1.228891e-03
714 2.937724e-04
715 3.661327e-03
716 5.726507e-04
717 9.780390e-03
718 5.769472e-04
719 4.843958e-04
720 9.326013e-04
721 2.282264e-03
722 5.727543e-04
723 6.944322e-04
724 1.476849e-03
725 5.888235e-03
726 7.390424e-04
727 4.583880e-04
728 6.782980e-04
729 3.188728e-04
730 3.503531e-04
731 2.676228e-04
732 8.029733e-03
733 2.125916e-03
734 6.300710e-04
735 5.511047e-04
736 8.923162e-04
737 5.900311e-04
738 8.844761e-03
739 3.772808e-04
740 4.282763e-04
741 5.571845e-04
742 1.013717e-03
743 3.085761e-04
744 2.933224e-03
745 3.486372e-04
746 4.040762e-04
747 7.730101e-04
748 2.492491e-04
749 1.306644e-03
750 5.734915e-04
751 1.671676e-03
752 1.636517e-03
753 8.302241e-04
754 5.281426e-04
755 1.526624e-03
756 2.371380e-03
757 2.791839e-04
758 5.128267e-04
759 2.037610e-03
760 1.019581e-03
761 2.958694e-04
762 2.511281e-04
763 2.433512e-04
764 8.073710e-04
765 3.445909e-04
766 4.457859e-03
767 2.329234e-03
768 5.191157e-04
769 7.490877e-04
770 3.584092e-03
771 3.046692e-04
772 3.186307e-04
773 3.358529e-04
774 1.121884e-03
775 2.754926e-03
776 3.464499e-04
777 5.413679e-04
778 3.716123e-04
779 2.985302e-03
780 3.207321e-04
781 6.532056e-04
782 8.539320e-04
783 6.355469e-04
784 4.349980e-04
785 1.038864e-03
786 2.210181e-03
787 1.255562e-03
788 2.338638e-04
789 5.326675e-04
790 1.944000e-04
791 2.448260e-03
792 8.518092e-04
793 1.945382e-04
794 6.546154e-04
795 5.832040e-04
796 1.703328e-03
797 3.378762e-04
798 9.027062e-04
799 1.193925e-02
800 1.588832e-03
801 2.429958e-03
802 5.863388e-04
803 2.627426e-04
804 4.475684e-04
805 2.427085e-04
806 4.173812e-03
807 2.512645e-04
808 1.558568e-03
809 2.488101e-03
810 2.385573e-04
811 5.706431e-04
812 2.870213e-04
813 1.216185e-03
814 3.536067e-04
815 3.792816e-04
816 1.336811e-03
817 1.625211e-03
818 9.869657e-04
819 4.620648e-04
820 7.874518e-03
821 3.932415e-04
822 1.316841e-03
823 5.273188e-04
824 2.131800e-04
825 2.484896e-04
826 9.234757e-04
827 4.355172e-03
828 6.209422e-04
829 9.093952e-04
830 5.129359e-04
831 3.364312e-04
832 1.787749e-04
833 5.470319e-04
834 6.955810e-04
835 2.641169e-03
836 3.063718e-03
837 3.264036e-04
838 8.834320e-04
839 5.523469e-04
840 2.746568e-04
841 2.962769e-04
842 1.739684e-04
843 1.953050e-03
844 8.612510e-04
845 9.288403e-04
846 1.868031e-04
847 8.195858e-04
848 1.076957e-03
849 6.275871e-04
850 3.300560e-04
851 5.180369e-04
852 3.931617e-03
853 2.215833e-04
854 4.890467e-03
855 9.156576e-04
856 3.094501e-04
857 3.407854e-04
858 1.123363e-03
859 1.223753e-03
860 1.080195e-03
861 4.045367e-04
862 7.801404e-04
863 1.121096e-04
864 4.564058e-04
865 3.628571e-04
866 2.652177e-04
867 2.762127e-03
868 2.670883e-04
869 7.139343e-04
870 1.005852e-03
871 3.063359e-04
872 2.428498e-03
873 3.291860e-04
874 1.412036e-03
875 4.345377e-04
876 4.623703e-04
877 2.119823e-04
878 2.769303e-04
879 2.283370e-04
880 2.937903e-04
881 3.749271e-04
882 2.649236e-04
883 2.906420e-04
884 1.363568e-03
885 1.270368e-03
886 2.241700e-03
887 5.973660e-04
888 8.338354e-04
889 2.080132e-04
890 4.334108e-04
891 1.054038e-03
892 1.559013e-04
893 2.737948e-04
894 1.135238e-03
895 1.134427e-03
896 6.338026e-04
897 2.603814e-04
898 4.766255e-04
899 5.358712e-04
900 1.764421e-04
901 3.232665e-04
902 4.702999e-03
903 5.376602e-04
904 2.759259e-04
905 2.777526e-04
906 1.361401e-03
907 6.567606e-04
908 3.454050e-04
909 3.962221e-04
910 3.264470e-04
911 2.453134e-03
912 2.226687e-03
913 2.531545e-04
914 1.466543e-04
915 1.210260e-03
916 1.565497e-04
917 4.514548e-04
918 8.130695e-04
919 4.375513e-04
920 1.345560e-03
921 2.828398e-04
922 2.432279e-03
923 7.914894e-04
924 1.713602e-04
925 1.740004e-03
926 3.188383e-04
927 5.951120e-04
928 7.538854e-04
929 3.064574e-04
930 2.335814e-04
931 2.141695e-04
932 3.650758e-04
933 1.022102e-04
934 1.176517e-03
935 1.845388e-03
936 8.505232e-04
937 1.503153e-03
938 8.107018e-04
939 3.873592e-04
940 1.901746e-04
941 6.334211e-04
942 9.642256e-04
943 1.395473e-03
944 1.663547e-04
945 3.115121e-04
946 1.631000e-04
947 5.521859e-04
948 4.438076e-04
949 4.152859e-03
950 9.115779e-04
951 1.087885e-04
952 9.603118e-04
953 2.319986e-04
954 8.970442e-04
955 1.459306e-04
956 1.079349e-02
957 3.662461e-04
958 8.633887e-04
959 3.084765e-04
960 2.624582e-04
961 5.241471e-04
962 5.816917e-04
963 6.663656e-04
964 1.788657e-04
965 1.900093e-04
966 1.700827e-04
967 1.886784e-04
968 1.161745e-03
969 2.265038e-03
970 2.492930e-04
971 3.102396e-04
972 1.307872e-04
973 2.692852e-04
974 9.294078e-04
975 2.948882e-04
976 2.789745e-03
977 3.909795e-04
978 2.013262e-04
979 7.068212e-04
980 7.159598e-04
981 1.331073e-04
982 2.687264e-04
983 4.009389e-04
984 4.674244e-04
985 1.203259e-04
986 3.520325e-04
987 3.866377e-04
988 6.565624e-04
989 2.326073e-04
990 3.961567e-03
991 1.988550e-04
992 3.350867e-04
993 1.758684e-04
994 5.053958e-04
995 1.395344e-03
996 9.054774e-04
997 2.490992e-04
998 3.381005e-04
999 2.772987e-04
1000 4.578045e-04
1001 7.909538e-04
1002 2.120044e-04
1003 5.645078e-04
1004 1.137470e-03
1005 1.841176e-04
1006 3.172073e-04
1007 1.756903e-04
1008 8.591766e-05
1009 2.824028e-04
1010 5.177961e-03
1011 2.393193e-04
1012 2.938797e-04
1013 4.958280e-04
1014 2.783123e-03
1015 3.833822e-04
1016 2.830409e-04
1017 3.284966e-04
1018 1.679483e-04
1019 1.722844e-04
1020 2.401745e-04
1021 1.539940e-04
1022 2.367408e-04
1023 1.558160e-04
1024 3.795896e-04
1025 7.198769e-04
1026 1.989366e-04
1027 1.227612e-04
1028 2.182000e-04
1029 4.466360e-04
1030 2.063582e-03
1031 2.260078e-03
1032 2.178550e-04
1033 2.032647e-04
1034 6.287980e-04
1035 3.674893e-04
1036 3.281430e-04
1037 5.596129e-04
1038 4.171596e-04
1039 3.884686e-04
1040 1.271722e-03
1041 2.595700e-04
1042 8.283414e-04
1043 2.325271e-04
1044 2.248685e-04
1045 3.354837e-03
1046 1.179859e-04
1047 1.684247e-04
1048 6.357011e-04
1049 1.507811e-04
1050 8.945053e-05
1051 9.852807e-04
1052 4.440223e-03
1053 1.202123e-04
1054 1.348397e-04
1055 3.949608e-03
1056 1.054552e-03
1057 7.305174e-05
1058 2.590648e-04
1059 3.767349e-04
1060 3.974702e-04
1061 3.787105e-04
1062 9.631520e-05
1063 5.826881e-04
1064 2.412876e-03
1065 3.869030e-04
1066 5.738899e-04
1067 1.123490e-03
1068 1.705066e-04
1069 2.278028e-04
1070 1.539747e-04
1071 2.938799e-04
1072 2.429024e-04
1073 4.670021e-03
1074 1.868861e-04
1075 6.910322e-04
1076 6.635659e-04
1077 8.930803e-05
1078 4.516105e-04
1079 3.387783e-04
1080 1.352544e-03
1081 8.514326e-04
1082 2.443199e-04
1083 1.127118e-04
1084 8.983276e-05
1085 1.582051e-04
1086 2.211205e-04
1087 5.009798e-03
1088 1.638238e-03
1089 7.285526e-04
1090 3.675942e-04
1091 2.083468e-04
1092 4.406795e-04
1093 2.562181e-04
1094 2.256030e-04
1095 6.667937e-04
1096 4.211318e-04
1097 1.277682e-04
1098 3.450810e-04
1099 1.335649e-04
1100 2.189822e-04
1101 2.702398e-04
1102 2.235399e-04
1103 1.166512e-04
1104 1.483934e-04
1105 9.460263e-05
1106 7.698694e-04
1107 1.563406e-04
1108 4.938960e-04
1109 1.313369e-03
1110 1.882709e-04
1111 1.290490e-04
1112 1.094276e-04
1113 9.770567e-04
1114 3.499456e-03
1115 1.652390e-03
1116 1.373371e-04
1117 6.712340e-05
1118 2.710387e-04
1119 1.620666e-04
1120 1.281292e-04
1121 1.494281e-03
1122 4.468174e-04
1123 9.734578e-04
1124 1.818625e-04
1125 1.419046e-04
1126 2.635759e-04
1127 7.797150e-04
1128 4.956953e-04
1129 1.754431e-03
1130 3.342755e-04
1131 8.817149e-05
1132 4.051552e-04
1133 1.188264e-04
1134 2.205841e-04
1135 1.222365e-03
1136 1.568435e-04
1137 5.303658e-04
1138 1.448264e-04
1139 3.196822e-04
1140 6.264330e-04
1141 1.025538e-04
1142 3.732315e-04
1143 1.864137e-04
1144 3.954305e-04
1145 6.023564e-05
1146 1.812559e-04
1147 1.232564e-03
1148 4.331936e-04
1149 2.314897e-03
1150 1.504855e-04
1151 1.467745e-04
1152 1.224086e-03
1153 1.179028e-04
1154 3.045030e-04
1155 1.479121e-04
1156 3.272443e-04
1157 4.069795e-04
1158 3.223432e-04
1159 1.234974e-04
1160 7.820191e-05
1161 1.235795e-04
1162 8.647547e-04
1163 1.605638e-04
1164 1.537683e-04
1165 9.800960e-04
1166 3.771393e-04
1167 9.402991e-05
1168 7.562105e-05
1169 5.917931e-04
1170 3.400336e-04
1171 1.602402e-04
1172 4.745287e-04
1173 7.664241e-04
1174 2.164316e-04
1175 1.667066e-04
1176 1.467698e-03
1177 9.076227e-05
1178 1.441145e-04
1179 1.249443e-04
1180 8.983124e-05
1181 1.689807e-04
1182 1.846946e-04
1183 3.651315e-03
1184 1.379231e-04
1185 1.688124e-04
1186 1.005705e-04
1187 1.385051e-04
1188 1.743946e-04
1189 1.546904e-04
1190 1.717867e-04
1191 4.180731e-04
1192 7.256278e-04
1193 1.331516e-04
1194 9.792347e-05
1195 3.585797e-04
1196 7.021737e-04
1197 9.089620e-04
1198 8.238861e-05
1199 1.942627e-03
1200 1.432917e-04
1201 5.101456e-05
1202 5.428563e-04
1203 2.312414e-04
1204 1.009849e-04
1205 1.783012e-04
1206 7.319395e-05
1207 2.182984e-03
1208 6.884771e-04
1209 2.462648e-04
1210 1.029063e-03
1211 6.730053e-05
1212 1.682724e-04
1213 8.652082e-05
1214 3.079469e-04
1215 9.749862e-04
1216 6.877407e-04
1217 6.365849e-04
1218 2.481011e-04
1219 1.185738e-04
1220 1.666086e-04
1221 9.119376e-05
1222 6.999074e-05
1223 1.090984e-03
1224 1.486272e-04
1225 5.701335e-05
1226 1.702329e-04
1227 6.952063e-04
1228 4.793592e-04
1229 1.409910e-04
1230 4.014284e-03
1231 2.321003e-04
1232 1.651721e-04
1233 3.521249e-04
1234 8.454358e-05
1235 9.162618e-05
1236 1.705216e-04
1237 1.566173e-03
1238 8.038080e-05
1239 1.025255e-04
1240 1.493736e-04
1241 1.891174e-04
1242 8.899156e-05
1243 1.941281e-04
1244 2.678658e-03
1245 6.936228e-05
1246 1.000401e-04
1247 1.819754e-04
1248 8.053079e-05
1249 4.641511e-04
1250 1.871589e-04
1251 5.971835e-04
1252 4.311368e-04
1253 8.785066e-05
1254 2.830663e-04
1255 1.911714e-04
1256 2.147685e-04
1257 1.312597e-04
1258 3.820975e-04
1259 5.411822e-04
1260 6.276095e-05
1261 1.346334e-04
1262 8.106588e-05
1263 6.276618e-05
1264 2.437961e-04
1265 9.743022e-04
1266 1.047106e-04
1267 3.179682e-04
1268 4.805402e-04
1269 7.291650e-05
1270 6.692817e-05
1271 1.074760e-04
1272 2.164817e-03
1273 1.046534e-04
1274 2.171325e-04
1275 9.448970e-05
1276 2.340982e-04
1277 1.905870e-04
1278 8.458553e-05
1279 1.738674e-04
1280 1.797781e-04
1281 1.704375e-04
1282 1.194070e-04
1283 1.055024e-03
1284 4.135057e-05
1285 1.211995e-04
1286 4.538924e-04
1287 9.569342e-05
1288 9.413867e-05
1289 8.288420e-05
1290 2.904113e-04
1291 7.197532e-04
1292 3.320888e-04
1293 3.491098e-04
1294 4.554701e-04
1295 1.123313e-04
1296 2.100514e-04
1297 5.299725e-05
1298 3.013411e-04
1299 1.843451e-04
1300 9.581194e-05
1301 6.133734e-05
1302 8.255073e-05
1303 7.825352e-05
1304 2.455858e-04
1305 3.990416e-05
1306 2.814990e-03
1307 2.584913e-04
1308 4.293442e-04
1309 8.085281e-05
1310 1.154990e-04
1311 9.569554e-05
1312 3.461615e-04
1313 9.991760e-05
1314 4.196348e-03
1315 1.676992e-04
1316 7.751402e-05
1317 1.431646e-04
1318 3.911813e-04
1319 6.512365e-05
1320 9.020886e-05
1321 7.364689e-04
1322 9.338610e-05
1323 6.338972e-05
1324 5.146534e-04
1325 5.978731e-04
1326 5.797996e-05
1327 4.649503e-05
1328 1.798769e-04
1329 2.994927e-04
1330 1.022356e-04
1331 6.296896e-05
1332 1.628785e-04
1333 5.735783e-04
1334 1.071249e-04
1335 1.836110e-03
1336 2.012469e-04
1337 8.952902e-05
1338 1.667543e-04
1339 1.306619e-04
1340 1.309534e-04
1341 3.709284e-04
1342 2.411867e-04
1343 8.900519e-05
1344 3.518886e-04
1345 1.695044e-04
1346 4.523743e-05
1347 5.796012e-05
1348 8.958713e-05
1349 5.345128e-05
1350 1.440536e-03
1351 2.054121e-04
1352 4.447651e-05
1353 7.103633e-05
1354 1.683750e-04
1355 1.407248e-04
1356 4.150501e-04
1357 1.738202e-04
1358 2.710423e-04
1359 2.634504e-04
1360 1.172203e-04
1361 8.878444e-05
1362 5.352108e-05
1363 1.151245e-04
1364 1.066528e-04
1365 5.557212e-05
1366 2.849458e-04
1367 3.686163e-04
1368 1.764116e-04
1369 4.025136e-05
1370 3.778929e-05
1371 1.417804e-04
1372 1.535614e-04
1373 2.071983e-04
1374 1.239929e-04
1375 1.528056e-03
1376 7.666097e-05
1377 8.402897e-04
1378 6.878680e-05
1379 2.137454e-04
1380 1.143359e-04
1381 7.947464e-05
1382 6.761065e-05
1383 6.475459e-04
1384 1.269845e-03
1385 5.844167e-05
1386 1.450804e-04
1387 1.299481e-04
1388 8.256863e-05
1389 7.241879e-05
1390 2.531396e-04
1391 4.354120e-05
1392 6.140774e-05
1393 1.026399e-04
1394 2.036468e-04
1395 5.131356e-05
1396 9.275893e-05
1397 1.197099e-04
1398 4.254632e-04
1399 5.532071e-05
1400 5.209566e-04
1401 6.042307e-05
1402 3.719606e-04
1403 8.163505e-05
1404 9.060192e-05
1405 1.941424e-04
1406 1.963468e-04
1407 2.355589e-04
1408 5.265438e-05
1409 2.432725e-04
1410 4.219343e-05
1411 5.519123e-05
1412 1.146370e-04
1413 2.645661e-04
1414 4.535114e-05
1415 5.483588e-05
1416 1.163903e-04
1417 6.301390e-05
1418 3.573412e-04
1419 4.235406e-04
1420 1.118149e-03
1421 2.889070e-05
1422 1.269056e-04
1423 2.621581e-04
1424 1.209411e-03
1425 2.492416e-04
1426 7.650311e-05
1427 1.090158e-03
1428 8.413365e-05
1429 4.436286e-05
1430 1.042100e-04
1431 1.471077e-04
1432 3.646728e-04
1433 1.467887e-04
1434 1.988209e-04
1435 3.474881e-05
1436 1.620885e-04
1437 1.421283e-04
1438 4.237030e-05
1439 5.821417e-05
1440 2.320407e-04
1441 1.026189e-04
1442 6.169566e-05
1443 4.155178e-05
1444 3.745025e-04
1445 7.492490e-05
1446 1.317299e-04
1447 2.542580e-04
1448 6.553475e-05
1449 1.971690e-04
1450 7.504005e-05
1451 3.705190e-04
1452 1.399289e-04
1453 3.853699e-05
1454 1.200233e-04
1455 2.711240e-04
1456 8.067776e-05
1457 2.793150e-04
1458 1.691988e-04
1459 3.085529e-05
1460 5.967525e-05
1461 1.180216e-04
1462 3.046654e-05
1463 3.416009e-05
1464 8.525300e-05
1465 7.368065e-04
1466 3.071991e-04
1467 1.034829e-04
1468 1.363015e-03
1469 9.012760e-05
1470 2.364646e-04
1471 2.514728e-04
1472 1.006641e-04
1473 7.218278e-05
1474 2.954066e-04
1475 9.513648e-05
1476 4.784377e-04
1477 3.348169e-05
1478 5.744763e-05
1479 1.033008e-04
1480 3.550709e-05
1481 8.958465e-04
1482 4.458188e-04
1483 2.187138e-04
1484 7.179060e-05
1485 2.669797e-05
1486 4.320155e-05
1487 3.222353e-05
1488 1.157486e-03
1489 3.832586e-05
1490 3.536476e-04
1491 1.319025e-04
1492 1.024847e-04
1493 1.970508e-04
1494 1.059724e-04
1495 2.398165e-04
1496 3.155894e-04
1497 7.983570e-05
1498 5.838039e-05
1499 2.895999e-04
1500 1.279764e-04
1501 5.966175e-05
1502 5.240098e-05
1503 8.329246e-04
1504 2.213867e-05
1505 5.993793e-05
1506 7.077705e-05
1507 3.828442e-04
1508 8.335490e-05
1509 4.857006e-05
1510 7.265404e-04
1511 2.573446e-05
1512 1.509046e-04
1513 6.814418e-05
1514 1.626242e-04
1515 3.206150e-04
1516 8.240601e-05
1517 1.039008e-03
1518 1.323582e-04
1519 6.001845e-05
1520 6.096783e-05
1521 4.309868e-04
1522 2.452085e-05
1523 6.091932e-04
1524 7.575705e-04
1525 5.480816e-05
1526 4.084877e-05
1527 6.025225e-05
1528 3.378500e-05
1529 1.620327e-04
1530 8.281945e-04
1531 5.648553e-05
1532 1.771487e-04
1533 2.495772e-05
1534 1.919809e-04
1535 1.389486e-04
1536 1.588343e-04
1537 1.186255e-04
1538 8.837001e-05
1539 7.108271e-05
1540 1.228743e-04
1541 8.198134e-05
1542 3.759520e-05
1543 5.819201e-05
1544 1.714046e-03
1545 3.703626e-05
1546 1.505821e-04
1547 7.133130e-05
1548 3.484516e-05
1549 3.559045e-04
1550 6.122032e-05
1551 8.346418e-04
1552 4.995915e-05
1553 2.076528e-05
1554 3.954728e-05
1555 2.402792e-05
1556 2.034235e-04
1557 3.801221e-04
1558 1.248928e-04
1559 1.760563e-04
1560 1.377827e-04
1561 9.010247e-05
1562 1.088618e-04
1563 2.077982e-04
1564 4.771383e-04
1565 9.507215e-05
1566 1.170452e-04
1567 5.643425e-05
1568 3.231294e-05
1569 3.105651e-05
1570 2.160087e-04
1571 3.309744e-05
1572 8.422967e-05
1573 3.286125e-05
1574 2.511073e-04
1575 5.729508e-05
1576 6.574941e-05
1577 7.745628e-05
1578 2.380073e-05
1579 1.504768e-04
1580 3.018265e-05
1581 6.010323e-05
1582 3.524364e-05
1583 5.911588e-05
1584 4.647064e-04
1585 2.121410e-04
1586 1.405821e-04
1587 5.305107e-05
1588 5.276196e-05
1589 4.731029e-05
1590 6.661598e-04
1591 5.839104e-04
1592 3.521696e-05
1593 1.273007e-04
1594 1.276140e-04
1595 9.292535e-05
1596 9.497576e-05
1597 1.060608e-04
1598 2.795948e-05
1599 1.343750e-04
1600 4.489940e-04
1601 1.803614e-05
1602 4.840682e-05
1603 2.169548e-05
1604 9.816752e-05
1605 7.592521e-05
1606 5.123540e-05
1607 2.876640e-05
1608 4.304115e-05
1609 6.756765e-05
1610 8.076654e-05
1611 1.578408e-04
1612 1.179711e-04
1613 3.280755e-05
1614 5.904500e-05
1615 1.750448e-04
1616 3.963015e-04
1617 8.587609e-05
1618 1.651439e-04
1619 1.765260e-05
1620 2.048533e-05
1621 3.014347e-05
1622 1.333420e-04
1623 2.043639e-04
1624 1.435225e-04
1625 1.163488e-04
1626 3.791579e-05
1627 8.758304e-05
1628 2.791463e-05
1629 3.104101e-05
1630 5.395403e-04
1631 4.237916e-05
1632 1.242630e-04
1633 5.119852e-05
1634 3.224567e-05
1635 1.857638e-04
1636 6.066153e-05
1637 3.581621e-04
1638 9.089491e-05
1639 2.089341e-05
1640 2.134315e-04
1641 1.560582e-04
1642 7.721081e-05
1643 3.628100e-05
1644 5.780211e-04
1645 5.132609e-05
1646 2.528408e-05
1647 2.475396e-05
1648 1.830713e-04
1649 3.468451e-04
1650 2.963952e-05
1651 6.650940e-05
1652 4.509430e-05
1653 1.646470e-05
1654 2.912484e-05
1655 6.974132e-05
1656 7.671035e-04
1657 2.085197e-04
1658 3.362519e-04
1659 1.319633e-04
1660 9.132977e-05
1661 4.871885e-05
1662 1.004681e-04
1663 4.555108e-05
1664 4.840053e-04
1665 1.577891e-05
1666 2.622924e-04
1667 4.756567e-05
1668 1.966383e-05
1669 3.190155e-05
1670 1.702980e-04
1671 2.937633e-05
1672 1.308906e-04
1673 2.469300e-05
1674 6.256504e-05
1675 7.586718e-05
1676 1.729040e-05
1677 4.680808e-05
1678 6.693700e-05
1679 8.529279e-05
1680 5.806926e-05
1681 4.402829e-05
1682 1.724330e-04
1683 8.116384e-05
1684 8.634301e-05
1685 3.112251e-05
1686 3.714608e-05
1687 3.337886e-04
1688 3.050425e-05
1689 7.850457e-05
1690 1.057470e-04
1691 5.189014e-05
1692 5.166600e-04
1693 3.011178e-05
1694 2.692475e-05
1695 1.280259e-05
1696 7.575823e-05
1697 1.902235e-05
1698 3.679358e-05
1699 7.347052e-04
1700 2.557825e-04
1701 3.241380e-05
1702 3.732795e-05
1703 7.615623e-04
1704 9.043771e-05
1705 3.492507e-05
1706 6.571140e-05
1707 1.551965e-05
1708 5.604928e-04
1709 4.792789e-05
1710 1.104979e-04
1711 4.069021e-05
1712 1.927609e-05
1713 4.049883e-05
1714 1.405065e-05
1715 2.427658e-04
1716 7.553911e-05
1717 3.154524e-05
1718 2.145633e-05
1719 5.149159e-05
1720 3.870519e-05
1721 1.725587e-05
1722 1.567554e-04
1723 3.828174e-05
1724 7.800391e-05
1725 1.160518e-04
1726 6.324131e-05
1727 1.300862e-04
1728 9.572863e-05
1729 6.874351e-05
1730 3.514738e-05
1731 3.081918e-05
1732 1.788492e-05
1733 1.891724e-04
1734 1.803600e-05
1735 4.030155e-04
1736 1.494253e-04
1737 1.877285e-05
1738 3.588915e-05
1739 4.018527e-05
1740 1.586890e-05
1741 2.038417e-04
1742 1.140066e-04
1743 1.855285e-05
1744 8.119034e-05
1745 2.839639e-05
1746 2.062003e-05
1747 3.183765e-05
1748 4.184643e-04
1749 2.480252e-05
1750 5.509066e-05
1751 4.974586e-05
1752 3.776118e-05
1753 6.944431e-05
1754 3.109456e-05
1755 1.002074e-04
1756 1.284577e-04
1757 6.594362e-05
1758 4.702266e-05
1759 2.260804e-04
1760 3.094957e-05
1761 2.927404e-05
1762 4.507076e-04
1763 1.683178e-05
1764 3.231903e-05
1765 2.234909e-05
1766 1.837674e-05
1767 1.895595e-04
1768 5.056718e-05
1769 1.430062e-04
1770 1.789412e-05
1771 3.949148e-05
1772 3.130576e-05
1773 2.834180e-05
1774 1.980219e-05
1775 1.346658e-05
1776 3.022133e-05
1777 6.152522e-05
1778 3.419732e-05
1779 2.579693e-05
1780 5.799580e-05
1781 2.690158e-04
1782 2.112867e-05
1783 1.066328e-04
1784 4.339076e-04
1785 2.887968e-05
1786 2.811787e-05
1787 6.568085e-05
1788 3.159983e-04
1789 6.495499e-05
1790 1.208190e-05
1791 3.170269e-05
1792 2.841344e-05
1793 2.513150e-05
1794 1.512060e-05
1795 1.597432e-04
1796 1.836457e-05
1797 2.241637e-05
1798 2.472353e-05
1799 2.265043e-05
1800 5.220150e-04
1801 1.406945e-04
1802 2.084235e-05
1803 2.304432e-05
1804 2.830464e-05
1805 2.531168e-05
1806 2.775385e-05
1807 4.989919e-05
1808 2.005653e-05
1809 1.830409e-04
1810 6.900065e-05
1811 2.061520e-05
1812 1.388830e-05
1813 6.416064e-05
1814 1.714876e-04
1815 1.917406e-05
1816 3.383981e-05
1817 1.863076e-04
1818 2.397304e-05
1819 9.001538e-05
1820 7.121706e-05
1821 3.071420e-04
1822 1.240327e-05
1823 2.046993e-05
1824 1.556964e-05
1825 1.343343e-04
1826 1.544361e-05
1827 6.197048e-05
1828 4.050502e-05
1829 4.899482e-05
1830 4.986216e-05
1831 3.697478e-05
1832 3.038302e-05
1833 1.080153e-04
1834 2.791680e-04
1835 5.557760e-05
1836 2.570885e-05
1837 3.965624e-05
1838 1.949309e-05
1839 3.784029e-05
1840 9.351545e-05
1841 1.774728e-05
1842 4.279093e-05
1843 2.068406e-05
1844 2.215716e-05
1845 2.165417e-05
1846 1.273579e-05
1847 3.675923e-05
1848 1.867672e-05
1849 1.047885e-04
1850 9.787884e-06
1851 4.236069e-05
1852 1.078818e-05
1853 3.850161e-05
1854 2.600752e-05
1855 1.412823e-05
1856 2.551050e-05
1857 1.360430e-04
1858 1.451062e-04
1859 3.689517e-05
1860 2.582375e-04
1861 4.325843e-05
1862 2.233122e-05
1863 1.521336e-05
1864 3.737239e-05
1865 1.838437e-05
1866 1.082258e-04
1867 1.668632e-05
1868 1.215560e-04
1869 2.612422e-05
1870 1.919941e-05
1871 2.454109e-05
1872 1.821808e-05
1873 6.961234e-05
1874 4.417251e-05
1875 1.064607e-05
1876 2.381869e-04
1877 1.632385e-05
1878 7.233437e-05
1879 1.950242e-05
1880 6.938328e-05
1881 1.462750e-05
1882 3.127720e-05
1883 2.949910e-05
1884 1.556367e-04
1885 1.042954e-05
1886 7.217864e-05
1887 9.587392e-05
1888 9.154840e-05
1889 3.538460e-05
1890 4.181810e-05
1891 1.334751e-05
1892 5.118079e-04
1893 4.857659e-04
1894 6.000890e-05
1895 2.675812e-05
1896 1.512165e-05
1897 9.179713e-06
1898 1.041000e-05
1899 1.740675e-05
1900 2.431542e-05
1901 1.149338e-04
1902 3.347766e-05
1903 1.623743e-05
1904 2.198682e-05
1905 2.566514e-04
1906 1.236537e-05
1907 4.049233e-05
1908 1.877041e-05
1909 5.551466e-05
1910 2.383589e-05
1911 2.790722e-05
1912 3.487976e-04
1913 2.427586e-05
1914 2.034177e-05
1915 3.309457e-05
1916 9.687009e-05
1917 2.156117e-05
1918 3.073198e-04
1919 2.495815e-04
1920 3.157659e-05
1921 1.197969e-05
1922 2.321716e-05
1923 1.880344e-05
1924 3.829551e-05
1925 8.942115e-05
1926 4.579705e-05
1927 2.504882e-04
1928 6.355297e-06
1929 1.840417e-05
1930 8.989868e-06
1931 7.187154e-05
1932 4.556695e-05
1933 1.368805e-05
1934 3.965964e-05
1935 2.281662e-05
1936 3.187827e-05
1937 3.660168e-05
1938 3.966022e-04
1939 1.167473e-05
1940 1.290317e-04
1941 2.872892e-05
1942 2.556048e-05
1943 8.069242e-06
1944 3.227259e-05
1945 4.001841e-05
1946 1.487540e-05
1947 2.180321e-05
1948 1.881970e-05
1949 1.120917e-05
1950 1.705069e-04
1951 1.970592e-05
1952 2.615867e-05
1953 1.872127e-05
1954 1.773576e-05
1955 1.667954e-05
1956 4.568071e-05
1957 8.971706e-05
1958 6.743667e-06
1959 1.233375e-05
1960 1.293228e-04
1961 1.185108e-04
1962 1.937920e-05
1963 1.939624e-05
1964 2.361689e-04
1965 1.538608e-05
1966 1.031703e-05
1967 2.158538e-05
1968 2.665610e-05
1969 1.452672e-05
1970 1.618306e-05
1971 2.385872e-05
1972 2.246607e-05
1973 1.805911e-05
1974 2.406770e-05
1975 1.948496e-05
1976 2.101885e-05
1977 1.482961e-05
1978 2.573411e-05
1979 9.313731e-06
1980 2.634380e-05
1981 1.199148e-05
1982 1.136434e-05
1983 5.253007e-05
1984 5.055360e-05
1985 8.456683e-05
1986 2.029512e-05
1987 1.008484e-05
1988 7.305441e-06
1989 1.934332e-05
1990 2.040396e-04
1991 1.183762e-05
1992 3.889919e-05
1993 2.686479e-05
1994 1.327529e-05
1995 7.337705e-06
1996 1.418017e-04
1997 1.314405e-05
1998 1.939914e-05
1999 1.327752e-05
2000 9.668083e-06
2001 6.155733e-05
2002 3.230746e-05
2003 3.424034e-05
2004 1.393952e-05
2005 6.954309e-06
2006 2.222518e-05
2007 4.157119e-05
2008 3.048310e-05
2009 4.508935e-05
2010 1.953163e-05
2011 7.761940e-05
2012 1.348287e-05
2013 3.424528e-05
2014 3.259328e-05
2015 2.300743e-05
2016 7.260407e-05
2017 8.603196e-06
2018 1.065895e-05
2019 1.813681e-04
2020 1.581400e-05
2021 1.166787e-05
2022 3.642933e-04
2023 1.212688e-05
2024 1.507546e-05
2025 1.757778e-05
2026 2.130638e-05
2027 9.589486e-05
2028 1.434154e-05
2029 2.436590e-05
2030 1.593148e-05
2031 6.709967e-06
2032 1.910122e-05
2033 1.017618e-05
2034 1.103721e-05
2035 1.322718e-05
2036 5.935572e-05
2037 2.134662e-05
2038 1.100913e-05
2039 8.884382e-06
2040 4.127493e-05
2041 2.258750e-05
2042 7.575619e-05
2043 1.695089e-05
2044 1.948936e-05
2045 2.914647e-04
2046 1.322639e-05
2047 1.844409e-05
2048 8.347800e-05
2049 8.878589e-06
2050 7.238519e-06
2051 1.526674e-05
2052 1.190476e-04
2053 5.929314e-05
2054 4.092579e-05
2055 1.248645e-04
2056 1.593244e-05
2057 8.250344e-06
2058 2.107949e-05
2059 6.036137e-06
2060 2.880053e-05
2061 2.801518e-05
2062 9.603801e-05
2063 1.009792e-05
2064 1.118954e-05
2065 1.004588e-05
2066 3.569449e-05
2067 9.372310e-05
2068 7.275476e-06
2069 2.136675e-05
2070 1.435503e-04
2071 8.483346e-06
2072 1.852226e-05
2073 1.900733e-05
2074 6.420389e-05
2075 2.519090e-05
2076 1.085865e-05
2077 1.089114e-05
2078 5.064615e-05
2079 4.489383e-05
2080 4.512292e-05
2081 5.201321e-05
2082 1.318149e-05
2083 9.316140e-06
2084 1.004868e-05
2085 3.304978e-05
2086 1.078422e-05
2087 2.649845e-05
2088 3.486066e-05
2089 5.487135e-06
2090 2.921832e-05
2091 4.937202e-06
2092 1.117877e-05
2093 4.445259e-05
2094 2.021150e-05
2095 5.921693e-05
2096 1.745071e-04
2097 1.275646e-05
2098 5.663787e-06
2099 2.030064e-05
2100 1.210830e-05
2101 2.786931e-05
2102 1.183096e-05
2103 3.042214e-05
2104 1.427688e-05
2105 1.928540e-05
2106 7.370093e-05
2107 1.792978e-05
2108 1.571767e-05
2109 2.435028e-05
2110 1.332979e-05
2111 4.866870e-06
2112 9.747808e-06
2113 1.404822e-04
2114 3.075151e-05
2115 6.032204e-06
2116 8.975513e-06
2117 4.559245e-05
2118 5.973534e-06
2119 9.971136e-05
2120 2.589180e-05
2121 3.108081e-05
2122 2.405475e-05
2123 7.043162e-06
2124 9.884106e-06
2125 1.597233e-05
2126 1.966601e-05
2127 6.658050e-06
2128 7.294317e-05
2129 1.427287e-05
2130 1.000747e-05
2131 7.193037e-06
2132 4.666082e-05
2133 1.779413e-05
2134 2.672898e-05
2135 1.354330e-05
2136 8.448985e-06
2137 1.861723e-05
2138 4.458405e-06
2139 1.199502e-04
2140 1.643878e-05
2141 1.695416e-05
2142 9.343657e-06
2143 6.026108e-06
2144 5.303936e-06
2145 6.040225e-06
2146 1.502311e-05
2147 1.819957e-05
2148 8.943789e-06
2149 1.823322e-05
2150 1.977185e-05
2151 1.148006e-05
2152 4.992207e-06
2153 9.680365e-06
2154 1.178629e-04
2155 1.978812e-05
2156 8.748861e-06
2157 1.616665e-05
2158 1.537505e-04
2159 6.192657e-06
2160 8.439700e-06
2161 4.850552e-06
2162 1.132350e-04
2163 5.318260e-06
2164 2.593026e-05
2165 4.124445e-05
2166 1.184548e-05
2167 1.231435e-05
2168 1.906528e-05
2169 5.172629e-06
2170 4.969990e-05
2171 1.098152e-04
2172 1.540923e-05
2173 1.223969e-05
2174 1.350861e-05
2175 1.998768e-05
2176 4.954882e-06
2177 1.907362e-05
2178 1.201028e-05
2179 5.951502e-05
2180 5.000055e-05
2181 1.454292e-05
2182 3.164346e-05
2183 8.921112e-06
2184 6.661437e-05
2185 9.600352e-06
2186 7.679875e-06
2187 8.098671e-05
2188 6.963323e-06
2189 1.717783e-05
2190 3.265341e-06
2191 8.278642e-06
2192 1.707663e-05
2193 1.588277e-05
2194 9.250556e-06
2195 2.774848e-05
2196 1.382506e-05
2197 6.056632e-05
2198 5.106367e-05
2199 2.082205e-05
2200 4.105526e-06
2201 4.476463e-06
2202 3.758804e-05
2203 3.365854e-05
2204 4.955173e-05
2205 8.334949e-05
2206 7.272081e-06
2207 9.635070e-06
2208 1.275068e-05
2209 1.009195e-05
2210 1.647496e-04
2211 8.627792e-06
2212 8.182817e-06
2213 1.307317e-05
2214 4.288999e-05
2215 1.101936e-05
2216 6.815531e-06
2217 2.304463e-05
2218 2.872612e-05
2219 3.701230e-06
2220 6.892699e-06
2221 4.611923e-06
2222 7.371156e-06
2223 5.812100e-05
2224 6.310443e-06
2225 1.237322e-05
2226 6.485506e-06
2227 8.351061e-06
2228 3.638300e-05
2229 1.593187e-05
2230 1.611150e-05
2231 5.772596e-06
2232 2.472697e-05
2233 1.588675e-05
2234 1.122481e-05
2235 5.467931e-06
2236 2.531388e-04
2237 9.295026e-06
2238 8.010900e-05
2239 1.058634e-05
2240 5.072009e-06
2241 7.148925e-06
2242 1.616247e-04
2243 1.062334e-05
2244 5.987875e-06
2245 1.883806e-05
2246 3.390327e-05
2247 1.419788e-05
2248 1.014010e-05
2249 8.318941e-05
2250 6.062440e-06
2251 1.004109e-05
2252 1.567921e-05
2253 1.018584e-05
2254 2.327309e-05
2255 2.503471e-05
2256 7.906353e-05
2257 2.477667e-06
2258 7.178278e-06
2259 3.263542e-06
2260 1.385369e-05
2261 2.935683e-05
2262 7.970658e-06
2263 2.340804e-05
2264 4.452719e-05
2265 7.023061e-06
2266 9.163347e-06
2267 6.399972e-06
2268 8.310348e-05
2269 5.420659e-06
2270 1.119049e-05
2271 4.718419e-05
2272 6.643925e-06
2273 3.972438e-06
2274 1.330454e-05
2275 1.132649e-04
2276 2.154346e-05
2277 8.946630e-06
2278 3.583304e-06
2279 2.150546e-05
2280 6.531732e-06
2281 2.379287e-05
2282 5.334071e-05
2283 3.439389e-06
2284 7.475345e-06
2285 7.302663e-06
2286 7.045335e-06
2287 1.345496e-05
2288 1.987616e-05
2289 1.335758e-05
2290 3.370315e-06
2291 1.716266e-05
2292 6.363419e-06
2293 7.928889e-06
2294 6.376856e-06
2295 1.117604e-05
2296 9.715193e-06
2297 6.312221e-06
2298 8.497767e-06
2299 2.717812e-05
2300 4.969031e-05
2301 7.284505e-06
2302 8.114253e-06
2303 5.141075e-06
2304 7.243452e-06
2305 7.555772e-06
2306 7.237601e-06
2307 2.793077e-05
2308 7.355796e-06
2309 3.784933e-06
2310 4.736960e-06
2311 9.381131e-06
2312 6.625216e-06
2313 3.066876e-06
2314 1.247866e-05
2315 1.089493e-05
2316 3.053284e-05
2317 9.391893e-06
2318 5.412885e-06
2319 5.034025e-06
2320 1.511149e-05
2321 1.004327e-05
2322 5.440409e-06
2323 6.570368e-06
2324 3.490857e-06
2325 5.969532e-06
2326 3.996504e-06
2327 7.167211e-06
2328 1.306583e-05
2329 1.038980e-05
2330 1.611310e-05
2331 1.874812e-05
2332 9.942271e-06
2333 8.892253e-05
2334 8.202891e-06
2335 3.922229e-06
2336 2.607818e-06
2337 6.340334e-06
2338 8.204744e-06
2339 2.317284e-05
2340 6.192647e-06
2341 1.006036e-05
2342 6.722364e-06
2343 1.057431e-05
2344 3.538469e-06
2345 1.778455e-05
2346 1.070701e-05
2347 2.358719e-05
2348 1.942331e-05
2349 6.667167e-06
2350 3.189123e-06
2351 2.333831e-05
2352 1.797285e-05
2353 4.128888e-06
2354 1.362533e-05
2355 5.405472e-06
2356 9.750030e-06
2357 2.702821e-06
2358 1.572827e-05
2359 5.308891e-06
2360 7.758710e-06
2361 9.741350e-06
2362 2.344237e-05
2363 3.459611e-05
2364 3.156392e-06
2365 9.790037e-05
2366 4.380761e-06
2367 2.023038e-05
2368 7.524056e-06
2369 2.305608e-06
2370 7.791427e-06
2371 2.755857e-05
2372 6.654036e-06
2373 2.562780e-06
2374 4.643308e-06
2375 1.389934e-05
2376 8.158548e-06
2377 1.666335e-05
2378 6.892750e-06
2379 8.945931e-06
2380 1.026301e-05
2381 7.248568e-06
2382 1.017361e-05
2383 5.113588e-06
2384 7.268501e-06
2385 1.053244e-05
2386 4.260507e-06
2387 6.028728e-06
2388 1.014106e-05
2389 1.343436e-05
2390 8.968445e-06
2391 2.021130e-05
2392 4.794781e-06
2393 6.479197e-06
2394 2.359924e-05
2395 3.374919e-06
2396 3.080585e-06
2397 2.847755e-05
2398 2.087515e-05
2399 3.629807e-06
2400 6.223731e-06
2401 4.008287e-06
2402 3.988732e-06
2403 4.163958e-06
2404 1.363594e-05
2405 4.228539e-06
2406 5.306285e-06
2407 3.319648e-05
2408 8.982787e-06
2409 5.662515e-06
2410 2.706815e-06
2411 5.080102e-06
2412 3.167720e-06
2413 1.888783e-05
2414 2.935981e-05
2415 1.630891e-05
2416 5.568916e-06
2417 3.438980e-05
2418 3.220719e-06
2419 8.970339e-06
2420 2.901169e-06
2421 1.341727e-05
2422 1.141196e-05
2423 2.398957e-06
2424 6.692233e-06
2425 1.933940e-06
2426 3.828902e-06
2427 1.479710e-05
2428 6.217069e-06
2429 2.483625e-05
2430 3.643098e-06
2431 2.213053e-05
2432 1.268595e-05
2433 2.474898e-06
2434 2.759110e-06
2435 5.182087e-06
2436 8.317844e-05
2437 3.840643e-06
2438 1.528820e-05
2439 4.624590e-05
2440 7.459091e-06
2441 3.882729e-06
2442 5.813548e-05
2443 1.560041e-05
2444 2.394885e-06
2445 4.738086e-06
2446 1.641807e-05
2447 3.689347e-05
2448 8.821354e-06
2449 7.410902e-06
2450 2.625059e-06
2451 4.660843e-06
2452 7.735570e-06
2453 2.996774e-06
2454 3.029694e-06
2455 7.695458e-05
2456 1.404706e-05
2457 3.016418e-06
2458 1.973150e-06
2459 3.993267e-06
2460 1.246345e-05
2461 3.318433e-05
2462 8.492154e-06
2463 4.739704e-06
2464 2.156376e-05
2465 1.320801e-05
2466 4.750530e-06
2467 6.057721e-06
2468 1.046449e-05
2469 6.281031e-05
2470 3.008763e-06
2471 6.346179e-06
2472 9.221988e-06
2473 2.811961e-05
2474 2.518677e-06
2475 7.161843e-05
2476 4.724041e-06
2477 1.329267e-05
2478 2.398266e-06
2479 1.095401e-05
2480 7.408447e-06
2481 6.809971e-06
2482 1.358346e-05
2483 2.429579e-06
2484 4.179343e-06
2485 6.331157e-06
2486 5.604340e-06
2487 7.372892e-06
2488 3.716806e-05
2489 2.783447e-06
2490 1.650056e-05
2491 2.817424e-06
2492 4.895817e-06
2493 2.552200e-06
2494 3.074022e-06
2495 2.307300e-06
2496 3.505089e-06
2497 6.452392e-06
2498 8.003386e-06
2499 2.703807e-06
2500 6.707540e-06
2501 9.286846e-05
2502 5.031589e-06
2503 1.398714e-06
